  1  C      25.458000   13.594000   14.293000
  2  C      25.097000   14.981000   14.319000
  3  C      23.744000   14.996000   14.357000
  4  C      23.327000   13.619000   14.345000
  5  C      22.035000   13.228000   14.346000
  6  C      21.611000   11.928000   14.266000
  7  C      20.220000   11.545000   14.193000
  8  C      20.209000   10.194000   14.025000
  9  C      21.585000    9.789000   14.061000
 10  C      23.278000    8.069000   14.211000
 11  C      23.667000    6.683000   14.319000
 12  C      25.008000    6.689000   14.521000
 13  C      25.412000    8.068000   14.535000
 14  C      26.696000    8.469000   14.682000
 15  C      27.119000    9.756000   14.651000
 16  C      28.503000   10.147000   14.729000
 17  C      28.516000   11.492000   14.540000
 18  C      27.151000   11.876000   14.408000
 19  C      26.062000   16.124000   14.395000
 20  C      26.584000   16.329000   15.818000
 21  C      22.819000   16.170000   14.480000
 22  C      22.431000   16.440000   15.922000
 23  C      19.057000   12.483000   14.308000
 24  C      18.768000   12.823000   15.777000
 25  C      19.017000    9.300000   13.877000
 26  C      18.448000    8.835000   15.202000
 27  C      22.719000    5.531000   14.304000
 28  C      22.070000    5.323000   15.671000
 29  C      25.935000    5.531000   14.762000
 30  C      26.219000    5.364000   16.262000
 31  C      29.636000    9.219000   15.016000
 32  C      29.771000    8.949000   16.518000
 33  C      29.677000   12.433000   14.539000
 34  C      29.926000   13.014000   15.927000
 35  H      21.371000   13.904000   14.406000
 36  H      27.352000    7.795000   14.819000
 37  H      25.614000   16.952000   14.089000
 38  H      26.825000   15.948000   13.789000
 39  H      25.839000   16.568000   16.407000
 40  H      27.248000   17.050000   15.821000
 41  H      27.000000   15.500000   16.136000
 42  H      22.001000   15.998000   13.949000
 43  H      23.261000   16.974000   14.105000
 44  H      22.045000   15.629000   16.315000
 45  H      21.771000   17.164000   15.954000
 46  H      23.227000   16.702000   16.432000
 47  H      18.256000   12.065000   13.903000
 48  H      19.254000   13.315000   13.809000
 49  H      18.646000   11.995000   16.287000
 50  H      17.954000   13.365000   15.834000
 51  H      19.522000   13.327000   16.150000
 52  H      19.275000    8.508000   13.343000
 53  H      18.313000    9.784000   13.377000
 54  H      19.095000    8.250000   15.648000
 55  H      17.616000    8.343000   15.046000
 56  H      18.266000    9.613000   15.770000
 57  H      23.206000    4.710000   14.044000
 58  H      22.015000    5.696000   13.628000
 59  H      22.761000    5.109000   16.332000
 60  H      21.428000    4.585000   15.619000
 61  H      21.604000    6.143000   15.939000
 62  H      26.785000    5.683000   14.279000
 63  H      25.525000    4.702000   14.409000
 64  H      26.595000    6.196000   16.617000
 65  H      26.860000    4.634000   16.392000
 66  H      25.385000    5.155000   16.731000
 67  H      30.478000    9.615000   14.678000
 68  H      29.488000    8.363000   14.541000
 69  H      30.491000    8.302000   16.670000
 70  H      28.928000    8.586000   16.862000
 71  H      29.501000   13.170000   13.902000
 72  H      30.487000   11.952000   14.235000
 73  H      29.103000   13.429000   16.260000
 74  H      30.635000   13.689000   15.877000
 75  H      30.200000   12.297000   16.537000
 76  N      24.391000   12.759000   14.310000
 77  N      22.440000   10.848000   14.205000
 78  N      24.355000    8.912000   14.358000
 79  N      26.277000   10.829000   14.468000
 80  Ni     24.366000   10.835000   14.315000
 81  H      29.980000    9.786000   16.983000
 82  C      30.584000   19.400000   13.675000
 83  C      31.021000   18.082000   13.948000
 84  C      29.233000   19.853000   13.581000
 85  C      30.195000   16.942000   14.129000
 86  N      28.164000   20.237000   13.528000
 87  N      29.521000   16.012000   14.250000
 88  C      31.719000   20.198000   13.498000
 89  C      32.854000   19.400000   13.675000
 90  C      32.417000   18.082000   13.948000
 91  C      31.719000   21.590000   13.152000
 92  C      34.205000   19.853000   13.581000
 93  C      33.243000   16.942000   14.129000
 94  N      31.719000   22.692000   12.869000
 95  N      35.274000   20.237000   13.528000
 96  N      33.917000   16.012000   14.250000
 97  C      26.765000   13.182000   14.283000
 98  H      27.500000   13.812000   14.176000
 99  O      21.996000    8.481000   14.039000
100  O      21.996000    8.481000   14.039000
