Pd_3C6F5_Por_dithiophene_O-_short
244, 245, 247, 248, 249, 250, 251, 252, 253, 254, 255, 256, 257, 258, 260, 262, 264, 265, 266, 268, 269, 270, 271, 272, 273
Pd_3C6F5_Por_dithiophene_OH_1_short
234, 237, 238, 239, 240, 241, 243, 244, 245, 246, 247, 249, 250, 251, 252, 253, 254, 255, 256, 257, 258, 259, 260, 262, 263, 264, 265, 266, 267
Pd_3C6F5_Por_thiophene_O-_short
224, 225, 226, 227, 228, 229, 230, 231, 232, 233, 234, 235, 236, 237, 238, 239, 240, 241, 242, 243, 244, 245, 246, 247, 248, 251, 252, 253, 254
Pd_3C6F5_Por_thiophene_OH_short
216, 217, 218, 219, 220, 221, 222, 223, 224, 226, 227, 228, 229, 230, 231, 232, 233, 234, 235, 236, 237, 238, 240, 241, 242, 243
Pt_3C6F5_Por_dithiophene_O-_short
239, 243, 245, 246, 247, 248, 249, 250, 251, 252, 253, 254, 255, 256, 257, 258, 259, 260, 261, 262, 263, 264, 265, 267, 268, 269, 270, 271, 272, 273, 277
Pt_3C6F5_Por_dithiophene_OH_1_short
236, 237, 238, 239, 240, 241, 242, 243, 244, 246, 247, 248, 249, 250, 251, 252, 253, 254, 255, 256, 257, 258, 259, 260, 261, 262, 263, 265, 266, 267
Pt_3C6F5_Por_thiophene_O-_short
222, 224, 225, 226, 227, 228, 229, 230, 231, 232, 233, 234, 235, 236, 237, 238, 239, 240, 241, 243, 244, 245, 246, 247, 248
Pt_3C6F5_Por_thiophene_OH_short
217, 218, 219, 222, 223, 224, 225, 226, 228, 229, 231, 232, 233, 234, 235, 236, 237, 240, 241, 242, 246, 248

更新日:2022年09月05日 13:13:43